%Corregir punto calera de tango padre hurtado
points = ["C.","GA","LR","CC","LF","PL","MA","CI","ML","CT","VN"];
lat = [-33.458017;-33.522805;-33.435958;-33.396238;-33.556359;-33.434752;-33.526503;-33.465285;-33.62187;-33.5841;-33.44888969];
lon = [-70.661989;-70.649178;-70.521728;-70.537448;-70.599203;-70.857837;-70.782974;-70.596850;-70.8860139999;-70.7726;-70.6692655];

